3
1
16,0
0,0, 10,0, 10,0.85, 5.88,0.85, 5.28,1.45, 5.28,18.55, 5.88,19.15, 10,19.15, 10,20, 0,20, 0,19.15, 4.12,19.15, 4.72,18.55, 4.72,1.45, 4.12,0.85, 0,0.85
0,0,0

>>>>>>>>>>>>>>>>>>>>>>>>>>>>>
Od tu naprej niso več podatki
>>>>>>>>>>>>>>>>>>>>>>>>>>>>>
Struktura podatkov:
i                               (1-el, 2-pl, 3-el & pl) analiza
fy                              fy
ns,ned                          stevilo vozlisc, stevilo obteznih primerov
x1,y1,x2,y2,...                 koordinate vozlisc prereza
n1,mx1,my1,n2,mx2,my2,...       obtezni primeri



Obtežba še ni implementirana zato je nima smisla podajat


Primeri prerezov:

IPE 200
16,0,
0,0, 10,0, 10,0.85, 5.88,0.85, 5.28,1.45, 5.28,18.55, 5.88,19.15, 10,19.15, 10,20, 0,20, 0,19.15, 4.12,19.15, 4.72,18.55, 4.72,1.45, 4.12,0.85, 0,0.85


Krog
21,0,
1.0, 0.0, 0.9510565162951535, 0.3090169943749474, 0.8090169943749475, 0.5877852522924731, 0.5877852522924731, 0.8090169943749475, 0.30901699437494745, 0.9510565162951535, 6.123233995736766e-17, 1.0, -0.30901699437494734, 0.9510565162951536, -0.587785252292473, 0.8090169943749475, -0.8090169943749473, 0.5877852522924732, -0.9510565162951535, 0.3090169943749475, -1.0, 1.2246467991473532e-16, -0.9510565162951536, -0.3090169943749473, -0.8090169943749475, -0.587785252292473, -0.5877852522924732, -0.8090169943749473, -0.30901699437494756, -0.9510565162951535, -1.8369701987210297e-16, -1.0, 0.30901699437494723, -0.9510565162951536, 0.5877852522924729, -0.8090169943749476, 0.8090169943749473, -0.5877852522924734, 0.9510565162951535, -0.3090169943749476, 1.0, -2.4492935982947064e-16

Škatla
10,0
0,0 15,0, 15,15, 0,15, 0.5,14.5, 14.5,14.5 ,14.5,0.5, 0.5,0.5, 0.5,14.5, 0,15
